0.364895
0.357573
0.360188
0.0686903
0.355515
0.370298
0.362612
0.374097
0.369691
0.368829
0.359225
0.347022
0.375223
0.35949
0.354381
0.356638
0.369353
0.366672
0.35677
0.369192
0.337999
0.351448
0.346657
0.347553
0.35728
0.356498
0.350988
0.349499
0.355432
0.347702
0.354155
0.346247
0.26006
0.341057
0.370122
0.351594
0.231967
0.0290533
0.22836
0.12769
0.182979
0.177587
0.0429256
0.041072
0.260149
0.287868
0.292173
0.248946
0.28265
0.270923
0.270285
0.23428
0.258929
0.267138
0.277392
0.290692
0.262292
0.275544
0.287279
0.291771
0.253403
0.240187
0.262039
0.24905
0.248986
0.275726
0.282322
0.286079
0.274798
0.267643
0.192366
0.196171
0.201229
0.210176
0.278384
0.228851
0.20603
0.223722
0.219418
0.196698
0.286646
0.203264
0.242451
0.278802
0.223425
0.283353
0.274893
0.269667
0.278537
0.249469
0.246393
0.231171
0.201939
0.204962
0.287442
0.221205
0.191948
0.197971
0.0336791
0.176035
0.375223
0.225533
0.355394
0.256892
0.265472
0.328134
0.238019
0.294843
0.310678
0.326648
0.374097
0.22836
0.247696
0.276219
0.349093
0.30731
0.294993
0.336251
0.357907
0.284835
0.222116
0.370298
0.242416
0.302485
0.320149
0.332701
0.356656
0.254623
0.28384
0.265274
0.220268
0.370122
0.25669
0.232336
0.282093
0.351239
0.318148
0.333319
0.330738
0.287463
0.23341
0.369691
0.352577
0.334889
0.278992
0.248751
0.265482
0.287866
0.257268
0.312586
0.219593
0.369353
0.233537
0.284481
0.31457
0.265491
0.334002
0.350494
0.25303
0.2985
0.369192
0.229109
0.313474
0.248712
0.290669
0.336283
0.324539
0.353946
0.274335
0.267258
0.368829
0.233096
0.333028
0.296084
0.31291
0.240857
0.257632
0.277107
0.272529
0.346798
0.23386
0.366672
0.266514
0.24443
0.348944
0.27964
0.315194
0.333858
0.335475
0.290056
0.364895
0.210124
0.341692
0.323862
0.265813
0.223808
0.243603
0.302073
0.239658
0.278763
0.408197
0.408099
0.403592
0.404339
0.40459
0.411647
0.407345
0.408051
0.410395
0.403533
0.408197
0.407237
0.409692
0.409939
0.400959
0.409437
0.406916
0.410908
0.41002
0.407239
0.408099
0.406762
0.407814
0.410279
0.408049
0.410866
0.409553
0.408181
0.407574
0.411122
0.409158
0.403592
0.409034
0.403837
0.407442
0.403809
0.403531
0.406871
0.407827
0.409504
0.399777
0.404339
0.400974
0.399888
0.405269
0.404353
0.402111
0.402111
0.405037
0.401875
0.378647
0.40459
0.405214
0.405117
0.404073
0.397475
0.398955
0.404246
0.398361
0.403566
0.408669
0.411647
0.404914
0.413652
0.407155
0.40466
0.410831
0.411631
0.404707
0.404964
0.407345
0.40173
0.410674
0.409245
0.410553
0.409418
0.407198
0.409523
0.409749
0.411781
0.408051
0.408252
0.407005
0.409415
0.40675
0.401353
0.409796
0.408371
0.409405
0.407538
0.406317
0.410395
0.410983
0.40557
0.411187
0.408759
0.410179
0.411183
0.410808
0.408599
0.403533
0.405985
0.405281
0.406997
0.40723
0.404814
0.404004
0.407724
0.402399
0.405768
0.408197
0.408099
0.403592
0.404339
0.40459
0.411647
0.407345
0.408051
0.410395
0.403533
0.408197
0.27061
0.388136
0.294218
0.305346
0.361105
0.27954
0.331634
0.348537
0.357026
0.408099
0.270122
0.285433
0.310222
0.382488
0.344588
0.329476
0.366348
0.384234
0.322312
0.274256
0.403592
0.285997
0.338415
0.358264
0.359041
0.388593
0.297126
0.321106
0.302904
0.278111
0.404339
0.301024
0.283011
0.318579
0.382423
0.351311
0.362253
0.363638
0.318193
0.288683
0.40459
0.387418
0.367005
0.314998
0.289402
0.301649
0.323071
0.293609
0.342694
0.279828
0.411647
0.279856
0.331267
0.351021
0.304413
0.373522
0.390315
0.297282
0.33629
0.407345
0.268541
0.3519
0.286211
0.330036
0.373338
0.358268
0.388854
0.313411
0.312578
0.408051
0.281013
0.366229
0.331884
0.340044
0.280899
0.296505
0.311766
0.311163
0.377687
0.284894
0.410395
0.303797
0.289803
0.387584
0.313787
0.351604
0.371179
0.370765
0.323386
0.403533
0.287495
0.379431
0.366048
0.313185
0.289493
0.301187
0.348954
0.296029
0.322652
