0.364895 0
0.357573 0
0.360188 0
0.0686903 0
0.355515 0
0.370298 0
0.362612 0
0.374097 0
0.369691 0
0.368829 0
0.359225 0
0.347022 0
0.375223 0
0.35949 0
0.354381 0
0.356638 0
0.369353 0
0.366672 0
0.35677 0
0.369192 0
0.337999 0
0.351448 0
0.346657 0
0.347553 0
0.35728 0
0.356498 0
0.350988 0
0.349499 0
0.355432 0
0.347702 0
0.354155 0
0.346247 0
0.26006 0
0.341057 0
0.370122 0
0.351594 0
0.231967 0
0.0290533 0
0.22836 0
0.12769 0
0.182979 0
0.177587 0
0.0429256 0
0.041072 0
0.260149 0
0.287868 0
0.292173 0
0.248946 0
0.28265 0
0.270923 0
0.270285 0
0.23428 0
0.258929 0
0.267138 0
0.277392 0
0.290692 0
0.262292 0
0.275544 0
0.287279 0
0.291771 0
0.253403 0
0.240187 0
0.262039 0
0.24905 0
0.248986 0
0.275726 0
0.282322 0
0.286079 0
0.274798 0
0.267643 0
0.192366 0
0.196171 0
0.201229 0
0.210176 0
0.278384 0
0.228851 0
0.20603 0
0.223722 0
0.219418 0
0.196698 0
0.286646 0
0.203264 0
0.242451 0
0.278802 0
0.223425 0
0.283353 0
0.274893 0
0.269667 0
0.278537 0
0.249469 0
0.246393 0
0.231171 0
0.201939 0
0.204962 0
0.287442 0
0.221205 0
0.191948 0
0.197971 0
0.0336791 0
0.176035 0
